H     0 
S   3   1.00
     34.0613410              0.60251978E-02   
      5.1235746              0.45021094E-01   
      1.1646626              0.20189726       
S   1   1.00
      0.32723041             1.0000000        
S   1   1.00
      0.10307241             1.0000000        
****
C     0 
S   6   1.00
  13575.3496820              0.22245814352E-03      
   2035.2333680              0.17232738252E-02      
    463.22562359             0.89255715314E-02      
    131.20019598             0.35727984502E-01      
     42.853015891            0.11076259931    
     15.584185766            0.24295627626    
S   2   1.00
      6.2067138508           0.41440263448    
      2.5764896527           0.23744968655    
S   1   1.00
      0.57696339419          1.0000000        
S   1   1.00
      0.22972831358          1.0000000        
S   1   1.00
      0.095164440028         1.0000000        
P   4   1.00
     34.697232244            0.53333657805E-02      
      7.9582622826           0.35864109092E-01      
      2.3780826883           0.14215873329    
      0.81433208183          0.34270471845    
P   1   1.00
      0.28887547253          1.0000000        
P   1   1.00
      0.10056823671          1.0000000        
****
O     0 
S   6   1.00
  27032.3826310              0.21726302465E-03      
   4052.3871392              0.16838662199E-02      
    922.32722710             0.87395616265E-02      
    261.24070989             0.35239968808E-01      
     85.354641351            0.11153519115    
     31.035035245            0.25588953961    
S   2   1.00
     12.260860728            0.39768730901    
      4.9987076005           0.24627849430    
S   1   1.00
      1.1703108158           1.0000000        
S   1   1.00
      0.46474740994          1.0000000        
S   1   1.00
      0.18504536357          1.0000000        
P   4   1.00
     63.274954801            0.60685103418E-02      
     14.627049379            0.41912575824E-01      
      4.4501223456           0.16153841088    
      1.5275799647           0.35706951311    
P   1   1.00
      0.52935117943          1.0000000        
P   1   1.00
      0.17478421270          1.0000000        
****
Co     0 
S   8   1.00
 325817.0155300              0.22568462484E-03      
  48839.6364530              0.17499397533E-02      
  11114.9373070              0.91003134097E-02      
   3146.1603642              0.36996256837E-01      
   1024.4378465              0.12044269621    
    368.02508816             0.28598731649    
    142.91229205             0.40908312004    
     56.482649209            0.21500145739    
S   4   1.00
    356.40298318            -0.24767059678E-01      
    110.31165215            -0.11702139134    
     17.659634834            0.55215522200    
      7.5059030479           0.53246877060    
S   2   1.00
     11.501807176           -0.22942470077    
      1.9081994606           0.71180933514    
S   1   1.00
      0.79396696891          1.0000000        
S   1   1.00
      0.12444448829          1.0000000        
S   1   1.00
      0.044444645379         1.0000000        
P   6   1.00
   1731.1369144              0.23905767685E-02      
    409.91750438             0.19382999967E-01      
    131.45648578             0.90905448509E-01      
     48.987439714            0.26146681577    
     19.537078992            0.42157264570    
      7.9287281634           0.24571813557    
P   3   1.00
     31.076017584           -0.29438069973E-01      
      4.2835180697           0.55615568168    
      1.7022921563           0.96772195064    
P   1   1.00
      0.64202908602          1.0000000        
D   4   1.00
     68.140745239            0.11983845360E-01      
     19.685241019            0.73688540475E-01      
      6.9322128825           0.23085496779    
      2.6025125694           0.39281059225    
D   1   1.00
      0.94016837302          1.0000000        
D   1   1.00
      0.30381457794          1.0000000        
****





