DLPOLY
UNITS kcal
MOLECULES 1
MOF
NUMMOL 1
ATOMS           32
ca        12.0107000  -0.1138000       1
ca        12.0107000  -0.1172000       1
ca        12.0107000  -0.1474000       1
ca        12.0107000  -0.1713000       1
ca        12.0107000  -0.1656000       1
ca        12.0107000  -0.1591000       1
ha         1.0079000   0.2451000       1
ha         1.0079000   0.2500000       1
c2        12.0107000   0.7116000       1
os        15.9994000  -0.5362000       1
oh        15.9994000  -0.6561000       1
ho         1.0079000   0.4966000       1
c2        12.0107000   0.7057000       1
os        15.9994000  -0.5192000       1
oh        15.9994000  -0.6746000       1
ho         1.0079000   0.4958000       1
s         32.0650000  -0.2681000       1
Fe        55.8450000   0.4580000       1
cb        12.0107000   0.3827000       1
c3        12.0107000   0.4641000       1
c1        12.0107000   0.3806000       1
o         15.9994000  -0.4250000       1
o         15.9994000  -0.3976000       1
o         15.9994000  -0.4269000       1
s         32.0650000  -0.2828000       1
Fe        55.8450000   0.4738000       1
c1        12.0107000   0.3828000       1
c3        12.0107000   0.4686000       1
cb        12.0107000   0.3867000       1
o         15.9994000  -0.4259000       1
o         15.9994000  -0.3930000       1
o         15.9994000  -0.4221000       1
BONDS             22
harm       1       2     956.800000       1.387000       0.000000       0.000000
harm       1       6     956.800000       1.387000       0.000000       0.000000
harm       2       3     956.800000       1.387000       0.000000       0.000000
harm       3       4     956.800000       1.387000       0.000000       0.000000
harm       4       5     956.800000       1.387000       0.000000       0.000000
harm       5       6     956.800000       1.387000       0.000000       0.000000
harm       3       9     714.400000       1.480000       0.000000       0.000000
harm       6      13     714.400000       1.480000       0.000000       0.000000
harm       4       7     688.600000       1.087000       0.000000       0.000000
harm       5       8     688.600000       1.087000       0.000000       0.000000
harm       9      10     785.200000       1.357000       0.000000       0.000000
harm      13      14     785.200000       1.357000       0.000000       0.000000
harm       9      11     850.800000       1.333000       0.000000       0.000000
harm      13      15     850.800000       1.333000       0.000000       0.000000
harm      11      12     739.200000       0.974000       0.000000       0.000000
harm      15      16     739.200000       0.974000       0.000000       0.000000
harm      19      22       0.000000       0.000000       0.000000       0.000000
harm      29      32       0.000000       0.000000       0.000000       0.000000
harm      20      23     899.800000       1.317000       0.000000       0.000000
harm      28      31     899.800000       1.317000       0.000000       0.000000
harm      21      24    1554.000000       1.166000       0.000000       0.000000
harm      27      30    1554.000000       1.166000       0.000000       0.000000
ANGLES            22
harm       2       1       6     134.360000     119.970000       0.000000       0.000000
harm       1       2       3     134.360000     119.970000       0.000000       0.000000
harm       2       3       4     134.360000     119.970000       0.000000       0.000000
harm       3       4       5     134.360000     119.970000       0.000000       0.000000
harm       4       5       6     134.360000     119.970000       0.000000       0.000000
harm       1       6       5     134.360000     119.970000       0.000000       0.000000
harm       2       3       9     129.380000     120.600000       0.000000       0.000000
harm       4       3       9     129.380000     120.600000       0.000000       0.000000
harm       1       6      13     129.380000     120.600000       0.000000       0.000000
harm       5       6      13     129.380000     120.600000       0.000000       0.000000
harm       3       4       7      96.920000     120.010000       0.000000       0.000000
harm       5       4       7      96.920000     120.010000       0.000000       0.000000
harm       4       5       8      96.920000     120.010000       0.000000       0.000000
harm       6       5       8      96.920000     120.010000       0.000000       0.000000
harm       3       9      10     136.658000     116.840000       0.000000       0.000000
harm       6      13      14     136.658000     116.840000       0.000000       0.000000
harm       3       9      11     138.024000     116.105000       0.000000       0.000000
harm       6      13      15     138.024000     116.105000       0.000000       0.000000
harm       9      11      12      99.820000     108.980000       0.000000       0.000000
harm      13      15      16      99.820000     108.980000       0.000000       0.000000
harm      10       9      11     150.192000     115.065000       0.000000       0.000000
harm      14      13      15     150.192000     115.065000       0.000000       0.000000
DIHEDRALS         39
cos        2       1       6       5       7.250000     180.000000       2       0.000000       0.000000
cos        3       2       1       6       7.250000     180.000000       2       0.000000       0.000000
cos        1       2       3       4       7.250000     180.000000       2       0.000000       0.000000
cos        2       3       4       5       7.250000     180.000000       2       0.000000       0.000000
cos        3       4       5       6       7.250000     180.000000       2       0.000000       0.000000
cos        1       6       5       4       7.250000     180.000000       2       0.000000       0.000000
cos        2       1       6      13       7.250000     180.000000       2       0.000000       0.000000
cos        1       2       3       9       7.250000     180.000000       2       0.000000       0.000000
cos        5       4       3       9       7.250000     180.000000       2       0.000000       0.000000
cos        4       5       6      13       7.250000     180.000000       2       0.000000       0.000000
cos        2       3       4       7       7.250000     180.000000       2       0.000000       0.000000
cos        3       4       5       8       7.250000     180.000000       2       0.000000       0.000000
cos        6       5       4       7       7.250000     180.000000       2       0.000000       0.000000
cos        1       6       5       8       7.250000     180.000000       2       0.000000       0.000000
cos        2       3       9      10       1.400000     180.000000       2       0.000000       0.000000
cos        4       3       9      10       1.400000     180.000000       2       0.000000       0.000000
cos        1       6      13      14       1.400000     180.000000       2       0.000000       0.000000
cos        5       6      13      14       1.400000     180.000000       2       0.000000       0.000000
cos        2       3       9      11       1.400000     180.000000       2       0.000000       0.000000
cos        4       3       9      11       1.400000     180.000000       2       0.000000       0.000000
cos        1       6      13      15       1.400000     180.000000       2       0.000000       0.000000
cos        5       6      13      15       1.400000     180.000000       2       0.000000       0.000000
cos        3       9      11      12       2.100000     180.000000       2       0.000000       0.000000
cos        6      13      15      16       2.100000     180.000000       2       0.000000       0.000000
cos        7       4       3       9       7.250000     180.000000       2       0.000000       0.000000
cos        8       5       6      13       7.250000     180.000000       2       0.000000       0.000000
cos        7       4       5       8       7.250000     180.000000       2       0.000000       0.000000
cos       10       9      11      12       2.100000     180.000000       2       0.000000       0.000000
cos       14      13      15      16       2.100000     180.000000       2       0.000000       0.000000
cos        9       2       3       4       2.200000     180.000000       2       0.000000       0.000000
cos        9       4       3       2       2.200000     180.000000       2       0.000000       0.000000
cos       13       1       6       5       2.200000     180.000000       2       0.000000       0.000000
cos       13       5       6       1       2.200000     180.000000       2       0.000000       0.000000
cos        3       5       4       7       2.200000     180.000000       2       0.000000       0.000000
cos        5       3       4       7       2.200000     180.000000       2       0.000000       0.000000
cos        4       6       5       8       2.200000     180.000000       2       0.000000       0.000000
cos        6       4       5       8       2.200000     180.000000       2       0.000000       0.000000
cos        3      11       9      10       2.200000     180.000000       2       0.000000       0.000000
cos        6      15      13      14       2.200000     180.000000       2       0.000000       0.000000
FINISH
VDW               45
ca      ca      lj      0.086000    3.399669
ca      ha      lj      0.035917    2.999656
ca      c2      lj      0.086000    3.399669
ca      os      lj      0.120913    3.199841
ca      oh      lj      0.134515    3.233071
ca      s       lj      0.146629    3.481632
ca      c3      lj      0.096997    3.399669
ca      c1      lj      0.134387    3.399669
ca      o       lj      0.134387    3.179796
ha      ha      lj      0.015000    2.599642
ha      c2      lj      0.035917    2.999656
ha      os      lj      0.050498    2.799827
ha      oh      lj      0.056178    2.833058
ha      s       lj      0.061237    3.081619
ha      c3      lj      0.040509    2.999656
ha      c1      lj      0.056125    2.999656
ha      o       lj      0.056125    2.779782
c2      c2      lj      0.086000    3.399669
c2      os      lj      0.120913    3.199841
c2      oh      lj      0.134515    3.233071
c2      s       lj      0.146629    3.481632
c2      c3      lj      0.096997    3.399669
c2      c1      lj      0.134387    3.399669
c2      o       lj      0.134387    3.179796
os      os      lj      0.170000    3.000012
os      oh      lj      0.189124    3.033243
os      s       lj      0.206155    3.281804
os      c3      lj      0.136374    3.199841
os      c1      lj      0.188944    3.199841
os      o       lj      0.188944    2.979967
oh      oh      lj      0.210400    3.066473
oh      s       lj      0.229347    3.315034
oh      c3      lj      0.151716    3.233071
oh      c1      lj      0.210200    3.233071
oh      o       lj      0.210200    3.013198
s       s       lj      0.250000    3.563595
s       c3      lj      0.165378    3.481632
s       c1      lj      0.229129    3.481632
s       o       lj      0.229129    3.261758
c3      c3      lj      0.109400    3.399669
c3      c1      lj      0.151572    3.399669
c3      o       lj      0.151572    3.179796
c1      c1      lj      0.210000    3.399669
c1      o       lj      0.210000    3.179796
o       o       lj      0.210000    2.959922
CLOSE
