DLPOLY
UNITS kcal
MOLECULES 1
MOF
NUMMOL 1
ATOMS           32
ca        12.0107000  -0.1138000       1
ca        12.0107000  -0.1173000       1
ca        12.0107000  -0.1474000       1
ca        12.0107000  -0.1713000       1
ca        12.0107000  -0.1655000       1
ca        12.0107000  -0.1591000       1
ha         0.0000000   0.2451000       1
ha         0.0000000   0.2500000       1
c2        12.0107000   0.7116000       1
os        15.9994000  -0.5362000       1
oh        15.9994000  -0.6561000       1
ho         0.0000000   0.4966000       1
c2        12.0107000   0.7057000       1
os        15.9994000  -0.5192000       1
oh        15.9994000  -0.6746000       1
ho         0.0000000   0.4958000       1
s         32.0650000  -0.2681000       1
Fe        55.8450000   0.4580000       1
cb        12.0107000   0.3827000       1
c3        12.0107000   0.4641000       1
c1        12.0107000   0.3806000       1
o         15.9994000  -0.4250000       1
o         15.9994000  -0.3976000       1
o         15.9994000  -0.4269000       1
s         32.0650000  -0.2828000       1
Fe        55.8450000   0.4738000       1
c1        12.0107000   0.3828000       1
c3        12.0107000   0.4686000       1
cb        12.0107000   0.3867000       1
o         15.9994000  -0.4259000       1
o         15.9994000  -0.3930000       1
o         15.9994000  -0.4221000       1
BONDS             35
mors      17      18     121.878349       2.422101       0.946642       0.000000
mors      17      26     121.878349       2.422101       0.946642       0.000000
mors      18      25     121.878349       2.422101       0.946642       0.000000
mors      25      26     121.878349       2.422101       0.946642       0.000000
mors      18      19     399.724388       1.844933       2.187497       0.000000
mors      26      29     399.724388       1.844933       2.187497       0.000000
mors      18      20     216.860597       1.878830       1.846904       0.000000
mors      26      28     216.860597       1.878830       1.846904       0.000000
mors      18      21     206.604773       1.800192       0.642672       0.000000
mors      26      27     206.604773       1.800192       0.642672       0.000000
mors      18      26      35.540958       2.418508       0.512381       0.000000
harm       1       2     956.799988       1.387000       0.000000       0.000000
harm       1       6     956.799988       1.387000       0.000000       0.000000
harm       2       3     956.799988       1.387000       0.000000       0.000000
harm       3       4     956.799988       1.387000       0.000000       0.000000
harm       4       5     956.799988       1.387000       0.000000       0.000000
harm       5       6     956.799988       1.387000       0.000000       0.000000
harm       1      17     555.799988       1.739000       0.000000       0.000000
harm       2      25     555.799988       1.739000       0.000000       0.000000
harm       3       9     714.400024       1.480000       0.000000       0.000000
harm       6      13     714.400024       1.480000       0.000000       0.000000
harm       4       7     688.599976       1.087000       0.000000       0.000000
harm       5       8     688.599976       1.087000       0.000000       0.000000
harm       9      10     785.200012       1.357000       0.000000       0.000000
harm      13      14     785.200012       1.357000       0.000000       0.000000
harm       9      11     850.799988       1.333000       0.000000       0.000000
harm      13      15     850.799988       1.333000       0.000000       0.000000
harm      11      12     739.200012       0.974000       0.000000       0.000000
harm      15      16     739.200012       0.974000       0.000000       0.000000
harm      19      22       0.000000       0.000000       0.000000       0.000000
harm      29      32       0.000000       0.000000       0.000000       0.000000
harm      20      23     899.799988       1.317000       0.000000       0.000000
harm      28      31     899.799988       1.317000       0.000000       0.000000
harm      21      24    1554.000000       1.166000       0.000000       0.000000
harm      27      30    1554.000000       1.166000       0.000000       0.000000
ANGLES            68
harm       1      17      18     102.382281     100.002132       0.000000       0.000000
harm       1      17      26     102.382281     100.002132       0.000000       0.000000
harm       2      25      18     102.382281     100.002132       0.000000       0.000000
harm       2      25      26     102.382281     100.002132       0.000000       0.000000
harm      17      18      19      50.018024      89.994736       0.000000       0.000000
harm      25      18      19      50.018024      89.994736       0.000000       0.000000
harm      17      26      29      50.018024      89.994736       0.000000       0.000000
harm      25      26      29      50.018024      89.994736       0.000000       0.000000
harm      17      18      20      53.474716      96.418502       0.000000       0.000000
harm      25      18      20      53.474716      96.418502       0.000000       0.000000
harm      17      26      28      53.474716      96.418502       0.000000       0.000000
harm      25      26      28      53.474716      96.418502       0.000000       0.000000
harm      17      18      21      50.023031     155.021947       0.000000       0.000000
harm      25      18      21      50.023031     155.021947       0.000000       0.000000
harm      17      26      27      50.023031     155.021947       0.000000       0.000000
harm      25      26      27      50.023031     155.021947       0.000000       0.000000
harm      17      18      25     363.043464      82.903577       0.000000       0.000000
harm      17      26      25     363.043464      82.903577       0.000000       0.000000
harm      17      18      26      66.141907      60.810182       0.000000       0.000000
harm      25      18      26      66.141907      60.810182       0.000000       0.000000
harm      17      26      18      66.141907      60.810182       0.000000       0.000000
harm      25      26      18      66.141907      60.810182       0.000000       0.000000
harm      18      17      26     147.781036      59.118384       0.000000       0.000000
harm      18      25      26     147.781036      59.118384       0.000000       0.000000
harm      18      19      22     176.306082     172.055738       0.000000       0.000000
harm      26      29      32     176.306082     172.055738       0.000000       0.000000
harm      18      20      23      52.374890     172.012345       0.000000       0.000000
harm      26      28      31      52.374890     172.012345       0.000000       0.000000
harm      18      21      24      77.710941     172.004139       0.000000       0.000000
harm      26      27      30      77.710941     172.004139       0.000000       0.000000
harm      26      18      21     397.109410      97.001539       0.000000       0.000000
harm      18      26      27     397.109410      97.001539       0.000000       0.000000
harm      26      18      20      72.493527     145.580056       0.000000       0.000000
harm      18      26      28      72.493527     145.580056       0.000000       0.000000
harm      26      18      19     393.115323      99.981941       0.000000       0.000000
harm      18      26      29     393.115323      99.981941       0.000000       0.000000
harm      19      18      20     397.516963     102.000757       0.000000       0.000000
harm      29      26      28     397.516963     102.000757       0.000000       0.000000
harm      19      18      21     308.326920      92.999640       0.000000       0.000000
harm      29      26      27     308.326920      92.999640       0.000000       0.000000
harm      20      18      21      50.579119     103.544825       0.000000       0.000000
harm      28      26      27      50.579119     103.544825       0.000000       0.000000
harm       2       1       6     134.360001     119.900002       0.000000       0.000000
harm       1       2       3     134.360001     119.900002       0.000000       0.000000
harm       2       3       4     134.360001     119.900002       0.000000       0.000000
harm       3       4       5     134.360001     119.900002       0.000000       0.000000
harm       4       5       6     134.360001     119.900002       0.000000       0.000000
harm       1       6       5     134.360001     119.900002       0.000000       0.000000
harm       2       1      17     124.440002     122.500000       0.000000       0.000000
harm       6       1      17     124.440002     122.500000       0.000000       0.000000
harm       1       2      25     124.440002     122.500000       0.000000       0.000000
harm       3       2      25     124.440002     122.500000       0.000000       0.000000
harm       2       3       9     129.380005     120.599998       0.000000       0.000000
harm       4       3       9     129.380005     120.599998       0.000000       0.000000
harm       1       6      13     129.380005     120.599998       0.000000       0.000000
harm       5       6      13     129.380005     120.599998       0.000000       0.000000
harm       3       4       7      96.919998     120.000000       0.000000       0.000000
harm       5       4       7      96.919998     120.000000       0.000000       0.000000
harm       4       5       8      96.919998     120.000000       0.000000       0.000000
harm       6       5       8      96.919998     120.000000       0.000000       0.000000
harm       3       9      10     136.658005     116.800003       0.000000       0.000000
harm       6      13      14     136.658005     116.800003       0.000000       0.000000
harm       3       9      11     138.024002     116.099998       0.000000       0.000000
harm       6      13      15     138.024002     116.099998       0.000000       0.000000
harm       9      11      12      99.820000     108.900002       0.000000       0.000000
harm      13      15      16      99.820000     108.900002       0.000000       0.000000
harm      10       9      11     150.192001     115.000000       0.000000       0.000000
harm      14      13      15     150.192001     115.000000       0.000000       0.000000
DIHEDRALS        147
cos        2       1      17      18       3.893497     180.000000       2       0.000000       1.000000
cos        2       1      17      26       3.893497     180.000000       2       0.000000       1.000000
cos        6       1      17      18       3.893497     180.000000       2       0.000000       1.000000
cos        6       1      17      26       3.893497     180.000000       2       0.000000       1.000000
cos        1       2      25      18       3.893497     180.000000       2       0.000000       1.000000
cos        1       2      25      26       3.893497     180.000000       2       0.000000       1.000000
cos        3       2      25      18       3.893497     180.000000       2       0.000000       1.000000
cos        3       2      25      26       3.893497     180.000000       2       0.000000       1.000000
cos        1      17      18      19       3.298564     180.000000       2       0.000000       1.000000
cos        1      17      26      29       3.298564     180.000000       2       0.000000       1.000000
cos        2      25      18      19       3.298564     180.000000       2       0.000000       1.000000
cos        2      25      26      29       3.298564     180.000000       2       0.000000       1.000000
cos        1      17      18      20       1.384759     180.000000       2       0.000000       1.000000
cos        1      17      26      28       1.384759     180.000000       2       0.000000       1.000000
cos        2      25      18      20       1.384759     180.000000       2       0.000000       1.000000
cos        2      25      26      28       1.384759     180.000000       2       0.000000       1.000000
cos        1      17      18      21       0.065048     180.000000       2       0.000000       1.000000
cos        1      17      26      27       0.065048     180.000000       2       0.000000       1.000000
cos        2      25      18      21       0.065048     180.000000       2       0.000000       1.000000
cos        2      25      26      27       0.065048     180.000000       2       0.000000       1.000000
cos        1      17      18      25       0.071449     180.000000       2       0.000000       1.000000
cos        1      17      26      25       0.071449     180.000000       2       0.000000       0.000000
cos        2      25      18      17       0.071449     180.000000       2       0.000000       1.000000
cos        2      25      26      17       0.071449     180.000000       2       0.000000       0.000000
cos        1      17      18      26       1.037271     180.000000       2       0.000000       0.000000
cos        1      17      26      18       1.037271     180.000000       2       0.000000       0.000000
cos        2      25      18      26       1.037271     180.000000       2       0.000000       0.000000
cos        2      25      26      18       1.037271     180.000000       2       0.000000       0.000000
cos       17      18      19      22       0.579964     180.000000       2       0.000000       1.000000
cos       25      18      19      22       0.579964     180.000000       2       0.000000       1.000000
cos       17      26      29      32       0.579964     180.000000       2       0.000000       1.000000
cos       25      26      29      32       0.579964     180.000000       2       0.000000       1.000000
cos       17      18      20      23       0.032883     180.000000       2       0.000000       1.000000
cos       25      18      20      23       0.032883     180.000000       2       0.000000       1.000000
cos       17      26      28      31       0.032883     180.000000       2       0.000000       1.000000
cos       25      26      28      31       0.032883     180.000000       2       0.000000       1.000000
cos       17      18      21      24       1.137429     180.000000       2       0.000000       1.000000
cos       25      18      21      24       1.137429     180.000000       2       0.000000       1.000000
cos       17      26      27      30       1.137429     180.000000       2       0.000000       1.000000
cos       25      26      27      30       1.137429     180.000000       2       0.000000       1.000000
cos       25      18      17      26       7.990685     180.000000       2       0.000000       1.000000
cos       17      18      25      26       7.990685     180.000000       2       0.000000       1.000000
cos       25      26      17      18       7.990685     180.000000       2       0.000000       1.000000
cos       17      26      25      18       7.990685     180.000000       2       0.000000       1.000000
cos       17      18      26      25       7.868210     180.000000       2       0.000000       1.000000
cos       17      26      18      25       7.868210     180.000000       2       0.000000       0.000000
cos       17      18      26      27       7.951668     180.000000       2       0.000000       1.000000
cos       25      18      26      27       7.951668     180.000000       2       0.000000       1.000000
cos       17      26      18      21       7.951668     180.000000       2       0.000000       1.000000
cos       25      26      18      21       7.951668     180.000000       2       0.000000       1.000000
cos       17      18      26      28       0.021988     180.000000       2       0.000000       1.000000
cos       25      18      26      28       0.021988     180.000000       2       0.000000       1.000000
cos       17      26      18      20       0.021988     180.000000       2       0.000000       1.000000
cos       25      26      18      20       0.021988     180.000000       2       0.000000       1.000000
cos       17      18      26      29       7.081832     180.000000       2       0.000000       1.000000
cos       25      18      26      29       7.081832     180.000000       2       0.000000       1.000000
cos       17      26      18      19       7.081832     180.000000       2       0.000000       1.000000
cos       25      26      18      19       7.081832     180.000000       2       0.000000       1.000000
cos       26      17      18      21       7.954376     180.000000       2       0.000000       1.000000
cos       18      17      26      27       7.954376     180.000000       2       0.000000       1.000000
cos       26      25      18      21       7.954376     180.000000       2       0.000000       0.000000
cos       18      25      26      27       7.954376     180.000000       2       0.000000       0.000000
cos       26      17      18      20       0.038780     180.000000       2       0.000000       1.000000
cos       18      17      26      28       0.038780     180.000000       2       0.000000       1.000000
cos       26      25      18      20       0.038780     180.000000       2       0.000000       0.000000
cos       18      25      26      28       0.038780     180.000000       2       0.000000       0.000000
cos       26      17      18      19       0.081627     180.000000       2       0.000000       1.000000
cos       18      17      26      29       0.081627     180.000000       2       0.000000       1.000000
cos       26      25      18      19       0.081627     180.000000       2       0.000000       0.000000
cos       18      25      26      29       0.081627     180.000000       2       0.000000       0.000000
cos       26      18      21      24       2.285311     180.000000       2       0.000000       1.000000
cos       18      26      27      30       2.285311     180.000000       2       0.000000       1.000000
cos       26      18      20      23       1.009332     180.000000       2       0.000000       1.000000
cos       18      26      28      31       1.009332     180.000000       2       0.000000       1.000000
cos       26      18      19      22       2.896060     180.000000       2       0.000000       1.000000
cos       18      26      29      32       2.896060     180.000000       2       0.000000       1.000000
cos       19      18      20      23       1.731806     180.000000       2       0.000000       1.000000
cos       29      26      28      31       1.731806     180.000000       2       0.000000       1.000000
cos       19      18      21      24       7.492797     180.000000       2       0.000000       1.000000
cos       29      26      27      30       7.492797     180.000000       2       0.000000       1.000000
cos       19      18      26      27       7.479393     180.000000       2       0.000000       1.000000
cos       29      26      18      21       7.479393     180.000000       2       0.000000       1.000000
cos       19      18      26      28       2.425433     180.000000       2       0.000000       1.000000
cos       29      26      18      20       2.425433     180.000000       2       0.000000       1.000000
cos       19      18      26      29       0.083214     180.000000       2       0.000000       1.000000
cos       20      18      19      22       2.091944     180.000000       2       0.000000       1.000000
cos       28      26      29      32       2.091944     180.000000       2       0.000000       1.000000
cos       20      18      21      24       4.941380     180.000000       2       0.000000       1.000000
cos       28      26      27      30       4.941380     180.000000       2       0.000000       1.000000
cos       20      18      26      27       0.002937     180.000000       2       0.000000       1.000000
cos       28      26      18      21       0.002937     180.000000       2       0.000000       1.000000
cos       20      18      26      28       0.238999     180.000000       2       0.000000       1.000000
cos       21      18      19      22       4.014202     180.000000       2       0.000000       1.000000
cos       27      26      29      32       4.014202     180.000000       2       0.000000       1.000000
cos       21      18      20      23       1.541978     180.000000       2       0.000000       1.000000
cos       27      26      28      31       1.541978     180.000000       2       0.000000       1.000000
cos       21      18      26      27       0.753899     180.000000       2       0.000000       1.000000
cos        2       1       6       5       7.250000     180.000000       2       0.833333       0.500000
cos        3       2       1       6       7.250000     180.000000       2       0.833333       0.500000
cos        1       2       3       4       7.250000     180.000000       2       0.833333       0.500000
cos        2       3       4       5       7.250000     180.000000       2       0.000000       0.000000
cos        3       4       5       6       7.250000     180.000000       2       0.000000       0.000000
cos        1       6       5       4       7.250000     180.000000       2       0.000000       0.000000
cos        2       1       6      13       7.250000     180.000000       2       0.833333       0.500000
cos        1       2       3       9       7.250000     180.000000       2       0.833333       0.500000
cos        5       4       3       9       7.250000     180.000000       2       0.833333       0.500000
cos        4       5       6      13       7.250000     180.000000       2       0.833333       0.500000
cos        2       3       4       7       7.250000     180.000000       2       0.833333       0.500000
cos        3       4       5       8       7.250000     180.000000       2       0.833333       0.500000
cos        6       5       4       7       7.250000     180.000000       2       0.833333       0.500000
cos        1       6       5       8       7.250000     180.000000       2       0.833333       0.500000
cos        2       3       9      10       1.400000     180.000000       2       0.833333       0.500000
cos        4       3       9      10       1.400000     180.000000       2       0.833333       0.500000
cos        1       6      13      14       1.400000     180.000000       2       0.833333       0.500000
cos        5       6      13      14       1.400000     180.000000       2       0.833333       0.500000
cos        2       3       9      11       1.400000     180.000000       2       0.833333       0.500000
cos        4       3       9      11       1.400000     180.000000       2       0.833333       0.500000
cos        1       6      13      15       1.400000     180.000000       2       0.833333       0.500000
cos        5       6      13      15       1.400000     180.000000       2       0.833333       0.500000
cos        6       1       2      25       7.250000     180.000000       2       0.833333       0.500000
cos        3       2       1      17       7.250000     180.000000       2       0.833333       0.500000
cos        4       3       2      25       7.250000     180.000000       2       0.833333       0.500000
cos        5       6       1      17       7.250000     180.000000       2       0.833333       0.500000
cos        3       9      11      12       2.100000     180.000000       2       0.833333       0.500000
cos        6      13      15      16       2.100000     180.000000       2       0.833333       0.500000
cos        7       4       3       9       7.250000     180.000000       2       0.833333       0.500000
cos        8       5       6      13       7.250000     180.000000       2       0.833333       0.500000
cos        7       4       5       8       7.250000     180.000000       2       0.833333       0.500000
cos        9       3       2      25       7.250000     180.000000       2       0.833333       0.500000
cos       13       6       1      17       7.250000     180.000000       2       0.833333       0.500000
cos       10       9      11      12       2.100000     180.000000       2       0.833333       0.500000
cos       14      13      15      16       2.100000     180.000000       2       0.833333       0.500000
cos       17       1       2      25       7.250000     180.000000       2       0.000000       0.000000
cos        2       6       1      17       2.200000     180.000000       2       0.000000       0.000000
cos        6       2       1      17       2.200000     180.000000       2       0.000000       0.000000
cos        1       3       2      25       2.200000     180.000000       2       0.000000       0.000000
cos        3       1       2      25       2.200000     180.000000       2       0.000000       0.000000
cos        9       2       3       4       2.200000     180.000000       2       0.000000       0.000000
cos        9       4       3       2       2.200000     180.000000       2       0.000000       0.000000
cos       13       1       6       5       2.200000     180.000000       2       0.000000       0.000000
cos       13       5       6       1       2.200000     180.000000       2       0.000000       0.000000
cos        3       5       4       7       2.200000     180.000000       2       0.000000       0.000000
cos        5       3       4       7       2.200000     180.000000       2       0.000000       0.000000
cos        4       6       5       8       2.200000     180.000000       2       0.000000       0.000000
cos        6       4       5       8       2.200000     180.000000       2       0.000000       0.000000
cos        3      11       9      10       2.200000     180.000000       2       0.000000       0.000000
cos        6      15      13      14       2.200000     180.000000       2       0.000000       0.000000
FINISH
VDW               45
ca      ca      lj      0.086000    3.399660
ca      ha      lj      0.035917    2.999650
ca      c2      lj      0.086000    3.399660
ca      os      lj      0.120913    3.199840
ca      oh      lj      0.134515    3.233070
ca      s       lj      0.146629    3.481630
ca      c3      lj      0.096997    3.399660
ca      c1      lj      0.134387    3.399660
ca      o       lj      0.134387    3.179790
ha      ha      lj      0.015000    2.599640
ha      c2      lj      0.035917    2.999650
ha      os      lj      0.050498    2.799830
ha      oh      lj      0.056178    2.833060
ha      s       lj      0.061237    3.081620
ha      c3      lj      0.040509    2.999650
ha      c1      lj      0.056125    2.999650
ha      o       lj      0.056125    2.779780
c2      c2      lj      0.086000    3.399660
c2      os      lj      0.120913    3.199840
c2      oh      lj      0.134515    3.233070
c2      s       lj      0.146629    3.481630
c2      c3      lj      0.096997    3.399660
c2      c1      lj      0.134387    3.399660
c2      o       lj      0.134387    3.179790
os      os      lj      0.170000    3.000020
os      oh      lj      0.189124    3.033250
os      s       lj      0.206155    3.281810
os      c3      lj      0.136374    3.199840
os      c1      lj      0.188944    3.199840
os      o       lj      0.188944    2.979970
oh      oh      lj      0.210400    3.066480
oh      s       lj      0.229347    3.315040
oh      c3      lj      0.151716    3.233070
oh      c1      lj      0.210200    3.233070
oh      o       lj      0.210200    3.013200
s       s       lj      0.250000    3.563600
s       c3      lj      0.165378    3.481630
s       c1      lj      0.229129    3.481630
s       o       lj      0.229129    3.261760
c3      c3      lj      0.109400    3.399660
c3      c1      lj      0.151572    3.399660
c3      o       lj      0.151572    3.179790
c1      c1      lj      0.210000    3.399660
c1      o       lj      0.210000    3.179790
o       o       lj      0.210000    2.959920
CLOSE
